21
9
96
74
55
71
86
60
85
12
96
23
36
65
79
2
16
95
64
77
26
40
3
5
7
6
64
56
33
18
82
51
71
39
77
25
53
90
20
87
13
59
62
3
48
70
10
51
43
51
80
59
88
57
12
82
6
91
67
50
8
30
28
67
30
46
52
98
88
54
50
27
76
77
64
68
78
1
58
38
96
14
14
82
39
24
63
15
27
95
20
62
23
70
80
83
31
95
73
3
18
13
63
89
1
53
83
12
93
44
5
6
34
30
54
95
17
46
28
6
83
38
71
94
35
88
5
6
97
82
38
83
28
55
21
84
51
26
81
87
42
51
23
84
91
15
28
94
17
86
67
85
67
68
20
81
42
70
54
13
49
77
15
11
7
22
78
79
9
70
44
91
66
42
64
32
15
88
4
21
61
11
90
12
16
54
16
60
36
40
43
82
72
69
38
65
37
12
77
69
37
50
85
47
42
76
20
26
4
88
66
54
66
34
53
38
88
4
96
54
6
18
44
70
27
62
20
98
5
100
96
3
12
35
84
11
27
43
70
40
34
91
57
48
74
90
16
39
16
100
78
34
17
24
64
20
6
16
20
81
57
23
22
5
93
64
43
32
50
42
12
46
34
56
20
15
62
97
96
38
47
81
82
5
22
63
87
88
72
65
6
11
23
90
84
12
70
52
55
11
47
85
90
74
88
33
100
61
5
49
58
9
20
83
35
76
41
17
83
31
78
56
60
85
37
1
23
45
72
8
46
11
42
86
91
62
91
9
17
90
63
26
83
24
8
97
92
41
56
8
72
53
69
25
34
92
25
6
37
87
10
56
90
98
3
48
68
35
92
73
85
32
1
93
68
52
73
37
78
41
10
83
90
64
37
93
42
18
53
99
37
86
73
30
81
8
36
86
21
61
30
58
49
83
24
40
53
77
57
82
20
89
28
97
78
27
66
26
62
11
6
50
82
93
36
99
60
71
12
61
17
88
16
18
11
53
35
7
41
97
40
66
62
72
80
49
59
76
53
55
42
11
24
11
55
81
76
56
47
25
81
83
65
97
66
32
73
11
87
26
93
60
86
66
71
41
88
11
13
88
41
84
19
58
19
6
64
6
64
31
77
79
60
17
16
58
2
66
7
49
77
48
90
27
63
83
26
59
40
14
93
66
44
60
84
97
64
7
78
60
69
67
48
56
49
14
100
69
50
13
40
22
5
65
12
94
95
93
96
37
81
5
67
50
38
12
36
100
33
19
95
95
88
47
80
10
100
34
78
49
83
57
10
27
75
72
61
79
49
90
3
72
11
42
80
64
1
99
19
38
79
100
37
32
19
45
34
58
85
2
95
61
15
48
54
24
96
40
76
67
51
57
52
43
16
24
84
47
68
16
10
2
15
41
71
83
21
79
9
30
38
3
94
47
96
43
58
64
89
56
69
61
23
53
87
22
49
94
16
96
61
88
91
70
93
94
46
75
78
71
4
18
32
46
29
48
64
5
48
74
66
20
58
12
48
49
79
63
54
49
35
27
63
13
69
50
13
25
54
3
97
84
87
18
53
52
29
77
24
39
58
44
47
43
30
41
30
80
22
45
15
84
21
29
37
78
55
20
78
80
36
40
51
45
77
83
34
41
60
96
20
2
39
15
91
92
80
21
84
28
20
34
3
10
88
14
63
59
82
75
97
10
100
45
3
19
93
3
66
47
8
90
20
26
25
14
46
7
38
46
98
34
36
50
61
3
37
42
58
64
21
75
60
85
100
10
2
95
12
72
99
78
56
37
21
30
14
77
86
74
69
57
21
36
78
63
74
51
85
1
83
52
45
3
26
33
31
35
27
15
12
51
95
66
47
20
79
100
30
31
90
61
56
84
96
65
55
24
7
37
36
52
10
12
90
48
33
53
11
88
100
79
50
71
63
18
62
55
90
58
84
75
21
55
11
23
96
62
8
62
79
8
28
91
79
61
42
84
77
99
88
27
89
42
31
11
11
85
22
78
4
1
34
50
53
62
31
56
1
68
52
72
46
50
10
93
51
59
93
2
77
79
79
91
71
58
87
80
24
1
12
11
41
30
58
79
74
79
39
18
30
86
83
9
47
16
81
39
33
39
60
52
93
20
2
26
22
44
79
95
75
52
33
1
56
42
32
17
93
32
20
73
21
75
73
91
96
70
44
55
78
49
47
86
41
61
19
21
28
33
57
31
1
45
44
78
54
82
53
6
85
64
47
2
19
88
32
18
47
11
30
53
100
24
17
26
6
47
61
96
